       0/9      1.4G   0.05118   0.01438   0.01805   0.08362        19       640    0.3685    0.4279    0.3074    0.1737   0.03932    0.0089    0.0143
       1/9     6.87G   0.04432   0.01031   0.01708   0.07171        17       640    0.6531    0.4709    0.4389    0.2312    0.0393  0.005541   0.01253
       2/9     7.81G   0.04204  0.008181    0.0159   0.06612        12       640    0.2232    0.3742    0.2256    0.1298   0.03631  0.006918     0.012
       3/9     7.81G   0.04499  0.008332    0.0166   0.06992        10       640    0.3246    0.6653    0.3499    0.2024   0.03802  0.004629   0.01127
       4/9     7.81G   0.04046  0.007431   0.01452    0.0624        12       640    0.3097    0.6653    0.4528    0.2923   0.04035  0.003692   0.01098
       5/9     7.81G    0.0377  0.007159   0.01497   0.05982        10       640    0.2343    0.7553    0.3904     0.227   0.03601  0.004813   0.01111
       6/9     7.81G    0.0396   0.00777   0.01562     0.063        14       640     0.601    0.5446    0.3746    0.2377   0.03921  0.003537   0.01119
       7/9     7.81G   0.03681  0.007531    0.0151   0.05944        19       640    0.2628    0.8683    0.4335    0.3312   0.03346  0.003501   0.01105
       8/9     7.81G   0.03714   0.00768   0.01671   0.06153        19       640    0.3636    0.4544    0.3477     0.247   0.03567  0.005588   0.01093
       9/9     7.81G   0.03387  0.007695    0.0163   0.05786        22       640    0.3505    0.7042    0.4533    0.2131   0.03882  0.003523    0.0121
