      0/24      1.4G    0.0314  0.007348   0.01635    0.0551        19       640    0.3145    0.9213    0.5092    0.4273   0.03113  0.002408   0.01142
      1/24     6.87G   0.03386  0.007207   0.01701   0.05807        17       640    0.3147    0.9999    0.4081    0.3082   0.03074  0.002786   0.01145
      2/24     7.81G   0.03404  0.006969   0.01682   0.05784        12       640    0.3147    0.9583    0.4814    0.3293    0.0325  0.002587   0.01142
      3/24     7.81G   0.03839  0.007055   0.01746   0.06291        10       640    0.3477    0.9129    0.4936    0.2641   0.03738  0.002306   0.01106
      4/24     7.81G   0.03641  0.007151   0.01713   0.06069        12       640     0.329    0.9583    0.4354    0.3258   0.03658  0.002223   0.01098
      5/24     7.81G    0.0338  0.006947   0.01655    0.0573        10       640    0.3597    0.8332     0.511    0.4188    0.0329  0.002542   0.01099
      6/24     7.81G   0.03212  0.006489   0.01553   0.05414        14       640    0.3159    0.9167    0.4945    0.3425   0.03468  0.002313   0.01105
      7/24     7.81G   0.03421  0.006132   0.01555   0.05588        19       640    0.3195     0.958    0.4836    0.3581    0.0356  0.002149   0.01209
      8/24     7.81G   0.03023  0.006588   0.01487   0.05169        19       640    0.3482    0.9167    0.5556    0.3979    0.0328  0.002072    0.0111
      9/24     7.81G   0.02711  0.006676   0.01465   0.04844        22       640    0.1895    0.9583    0.4285    0.2739   0.04327  0.002114   0.01143
     10/24     7.81G   0.02573  0.005977   0.01416   0.04587        11       640    0.3949    0.9583    0.5859    0.5067   0.04412  0.001597   0.01104
     11/24     7.81G   0.02462  0.006416   0.01461   0.04564        19       640    0.4074    0.9583    0.5935    0.5027   0.03908  0.002105    0.0111
     12/24     7.81G   0.02484   0.00658   0.01542   0.04684        11       640    0.4943    0.8333    0.6301    0.6061   0.02994   0.00231   0.01105
     13/24     7.81G   0.02273  0.006436   0.01499   0.04415        16       640    0.3706    0.9531    0.6128    0.5728   0.02817  0.001921   0.01085
     14/24     7.81G   0.01793  0.006363   0.01397   0.03827        14       640    0.4459    0.9132    0.6111    0.5739   0.02676  0.001648   0.01091
     15/24     7.81G   0.01967  0.006235   0.01472   0.04062        14       640    0.4441         1    0.6951     0.668   0.02399   0.00156   0.01096
     16/24     7.81G   0.01749  0.005929   0.01389   0.03731        11       640    0.4861    0.8333    0.6408    0.5781   0.02643  0.001719    0.0107
     17/24     7.81G   0.01651  0.005667   0.01365   0.03583        15       640    0.6079    0.8333    0.7541    0.6975   0.02582  0.001614   0.01014
     18/24     7.81G   0.01546  0.005646   0.01348   0.03459        17       640    0.6863    0.6994    0.7663    0.7207   0.02388  0.001495  0.009596
     19/24     7.81G   0.01584  0.005398   0.01391   0.03514        17       640    0.7844    0.7181     0.794    0.7633   0.02502   0.00162  0.009085
     20/24     7.81G     0.012  0.005593   0.01282   0.03041        17       640    0.7003    0.6747    0.7576    0.7334    0.0223  0.001468  0.009565
     21/24     7.81G   0.01449  0.005342   0.01338   0.03322        18       640    0.7292    0.6911     0.762    0.7327   0.02335  0.001444  0.009511
     22/24     7.81G   0.01317  0.005354   0.01291   0.03143        19       640    0.8792    0.6481    0.7835     0.762   0.02263  0.001324  0.009155
     23/24     7.81G   0.01364  0.005226   0.01334   0.03221        15       640    0.7012    0.7638    0.7991    0.7743    0.0221  0.001301  0.009018
     24/24     7.81G   0.01583  0.005182   0.01395   0.03496        15       640    0.8959    0.6088    0.8005    0.7693   0.02178  0.001267  0.008941
